255 255 255 255 255 255 255 255 255 255 255 255 255 255 255 255
255 255 255 255 255 255 255 255 255 255 255 255 255 255 255 255
255 255   0   0   0   0   0   0   0   0   0   0   0   0 255 255
255 255   0   0   0   0   0   0   0   0   0   0   0   0 255 255
255 255   0   0   0   0   0   0   0   0   0   0   0   0 255 255
255 255   0   0   0 255 255 255 255 255 255   0   0   0 255 255
255 255   0   0   0 255 255 255 255 255 255   0   0   0 255 255
255 255   0   0   0 255 255 255 255 255 255   0   0   0 255 255
255 255   0   0   0 255 255 255 255 255 255   0   0   0 255 255
255 255   0   0   0 255 255 255 255 255 255   0   0   0 255 255
255 255   0   0   0 255 255 255 255 255 255   0   0   0 255 255
255 255   0   0   0   0   0   0   0   0   0   0   0   0 255 255
255 255   0   0   0   0   0   0   0   0   0   0   0   0 255 255
255 255   0   0   0   0   0   0   0   0   0   0   0   0 255 255
255 255 255 255 255 255 255 255 255 255 255 255 255 255 255 255
255 255 255 255 255 255 255 255 255 255 255 255 255 255 255 255
255 255 255 255 255 255 255 255 255 255 255 255 255 255 255 255
255 255 255 255 255 255 255 255 255 255 255 255 255 255 255 255
255 255   0   0   0   0   0   0   0   0   0   0   0   0 255 255
255 255   0   0   0   0   0   0   0   0   0   0   0   0 255 255
255 255   0   0   0   0   0   0   0   0   0   0   0   0 255 255
255 255   0   0   0 255 255 255 255 255 255   0   0   0 255 255
255 255   0   0   0 255 255 255 255 255 255   0   0   0 255 255
255 255   0   0   0 255 255 255 255 255 255   0   0   0 255 255
255 255   0   0   0 255 255 255 255 255 255   0   0   0 255 255
255 255   0   0   0 255 255 255 255 255 255   0   0   0 255 255
255 255   0   0   0 255 255 255 255 255 255   0   0   0 255 255
255 255   0   0   0   0   0   0   0   0   0   0   0   0 255 255
255 255   0   0   0   0   0   0   0   0   0   0   0   0 255 255
255 255   0   0   0   0   0   0   0   0   0   0   0   0 255 255
255 255 255 255 255 255 255 255 255 255 255 255 255 255 255 255
255 255 255 255 255 255 255 255 255 255 255 255 255 255 255 255
255 255 255 255 255 255 255 255 255 255 255 255 255 255 255 255
255 255 255 255 255 255 255 255 255 255 255 255 255 255 255 255
255 255   0   0   0   0   0   0   0   0   0   0   0   0 255 255
255 255   0   0   0   0   0   0   0   0   0   0   0   0 255 255
255 255   0   0   0   0   0   0   0   0   0   0   0   0 255 255
255 255   0   0   0 255 255 255 255 255 255   0   0   0 255 255
255 255   0   0   0 255 255 255 255 255 255   0   0   0 255 255
255 255   0   0   0 255 255 255 255 255 255   0   0   0 255 255
255 255   0   0   0 255 255 255 255 255 255   0   0   0 255 255
255 255   0   0   0 255 255 255 255 255 255   0   0   0 255 255
255 255   0   0   0 255 255 255 255 255 255   0   0   0 255 255
255 255   0   0   0   0   0   0   0   0   0   0   0   0 255 255
255 255   0   0   0   0   0   0   0   0   0   0   0   0 255 255
255 255   0   0   0   0   0   0   0   0   0   0   0   0 255 255
255 255 255 255 255 255 255 255 255 255 255 255 255 255 255 255
255 255 255 255 255 255 255 255 255 255 255 255 255 255 255 255

255 255 255 255 255 255 255 255 255 255 255 255 255 255 255 255
255 214 152 152 152 152 152 152 152 152 152 152 152 152 214 255
255 152   0   0   0   0   0   0   0   0   0   0   0   0 152 255
255 152   0   0   0   0   0   0   0   0   0   0   0   0 152 255
255 152   0   0  10  51  51  51  51  51  51  10   0   0 152 255
255 152   0   0  51 255 255 255 210 255 255  51   0   0 152 255
255 152   0   0  51 255 255 252 189 255 255  51   0   0 152 255
255 152   0   0  51 255 255 247 189 255 255  51   0   0 152 255
255 152   0   0  51 255 255 238 206 255 255  51   0   0 152 255
255 152   0   0  51 255 255 204 181 255 255  51   0   0 152 255
255 152   0   0  51 255 255 154 209 255 255  51   0   0 152 255
255 152   0   0  10  51  51  51  51  51  51  10   0   0 152 255
255 152   0   0   0   0   0   0   0   0   0   0   0   0 152 255
255 152   0   0   0   0   0   0   0   0   0   0   0   0 152 255
255 214 152 152 152 152 152 152 152 152 152 152 152 152 214 255
255 255 255 255 255 255 255 255 255 255 255 255 255 255 255 255
255 255 255 255 255 255 255 255 255 255 255 255 255 255 255 255
255 214 152 152 152 152 152 152 152 152 152 152 152 152 214 255
255 152   0   0   0   0   0   0   0   0   0   0   0   0 152 255
255 152   0   0   0   0   0   0   0   0   0   0   0   0 152 255
255 152   0   0  10  51  51  51  51  51  51  10   0   0 152 255
255 152   0   0  51 255 255 255 210 255 255  51   0   0 152 255
255 152   0   0  51 255 255 252 189 255 255  51   0   0 152 255
255 152   0   0  51 255 255 247 189 255 255  51   0   0 152 255
255 152   0   0  51 255 255 238 206 255 255  51   0   0 152 255
255 152   0   0  51 255 255 204 181 255 255  51   0   0 152 255
255 152   0   0  51 255 255 154 209 255 255  51   0   0 152 255
255 152   0   0  10  51  51  51  51  51  51  10   0   0 152 255
255 152   0   0   0   0   0   0   0   0   0   0   0   0 152 255
255 152   0   0   0   0   0   0   0   0   0   0   0   0 152 255
255 214 152 152 152 152 152 152 152 152 152 152 152 152 214 255
255 255 255 255 255 255 255 255 255 255 255 255 255 255 255 255
255 255 255 255 255 255 255 255 255 255 255 255 255 255 255 255
255 214 152 152 152 152 152 152 152 152 152 152 152 152 214 255
255 152   0   0   0   0   0   0   0   0   0   0   0   0 152 255
255 152   0   0   0   0   0   0   0   0   0   0   0   0 152 255
255 152   0   0  10  51  51  51  51  51  51  10   0   0 152 255
255 152   0   0  51 255 255 255 210 255 255  51   0   0 152 255
255 152   0   0  51 255 255 252 189 255 255  51   0   0 152 255
255 152   0   0  51 255 255 247 189 255 255  51   0   0 152 255
255 152   0   0  51 255 255 238 206 255 255  51   0   0 152 255
255 152   0   0  51 255 255 204 181 255 255  51   0   0 152 255
255 152   0   0  51 255 255 154 209 255 255  51   0   0 152 255
255 152   0   0  10  51  51  51  51  51  51  10   0   0 152 255
255 152   0   0   0   0   0   0   0   0   0   0   0   0 152 255
255 152   0   0   0   0   0   0   0   0   0   0   0   0 152 255
255 214 152 152 152 152 152 152 152 152 152 152 152 152 214 255
255 255 255 255 255 255 255 255 255 255 255 255 255 255 255 255

255 255 255 255 255 255 255 255 255 255 255 255 255 255 255 255
255 214 152 152 152 152 152 152 152 152 152 152 152 152 214 255
255 152   0   0   0   0   0   0   0   0   0   0   0   0 152 255
255 152   0   0   0   0   0   0   0   0   0   0   0   0 152 255
255 152   0   0  10  51  51  51  51  51  51  10   0   0 152 255
255 152   0   0  51 255 255 255 255 255 255  51   0   0 152 255
255 152   0   0  51 255 255 255 255 255 255  51   0   0 152 255
255 152   0   0  51 210 189 189 206 181 209  51   0   0 152 255
255 152   0   0  51 255 252 247 238 204 154  51   0   0 152 255
255 152   0   0  51 255 255 255 255 255 255  51   0   0 152 255
255 152   0   0  51 255 255 255 255 255 255  51   0   0 152 255
255 152   0   0  10  51  51  51  51  51  51  10   0   0 152 255
255 152   0   0   0   0   0   0   0   0   0   0   0   0 152 255
255 152   0   0   0   0   0   0   0   0   0   0   0   0 152 255
255 214 152 152 152 152 152 152 152 152 152 152 152 152 214 255
255 255 255 255 255 255 255 255 255 255 255 255 255 255 255 255
255 255 255 255 255 255 255 255 255 255 255 255 255 255 255 255
255 214 152 152 152 152 152 152 152 152 152 152 152 152 214 255
255 152   0   0   0   0   0   0   0   0   0   0   0   0 152 255
255 152   0   0   0   0   0   0   0   0   0   0   0   0 152 255
255 152   0   0  10  51  51  51  51  51  51  10   0   0 152 255
255 152   0   0  51 255 255 255 255 255 255  51   0   0 152 255
255 152   0   0  51 255 255 255 255 255 255  51   0   0 152 255
255 152   0   0  51 210 189 189 206 181 209  51   0   0 152 255
255 152   0   0  51 255 252 247 238 204 154  51   0   0 152 255
255 152   0   0  51 255 255 255 255 255 255  51   0   0 152 255
255 152   0   0  51 255 255 255 255 255 255  51   0   0 152 255
255 152   0   0  10  51  51  51  51  51  51  10   0   0 152 255
255 152   0   0   0   0   0   0   0   0   0   0   0   0 152 255
255 152   0   0   0   0   0   0   0   0   0   0   0   0 152 255
255 214 152 152 152 152 152 152 152 152 152 152 152 152 214 255
255 255 255 255 255 255 255 255 255 255 255 255 255 255 255 255
255 255 255 255 255 255 255 255 255 255 255 255 255 255 255 255
255 214 152 152 152 152 152 152 152 152 152 152 152 152 214 255
255 152   0   0   0   0   0   0   0   0   0   0   0   0 152 255
255 152   0   0   0   0   0   0   0   0   0   0   0   0 152 255
255 152   0   0  10  51  51  51  51  51  51  10   0   0 152 255
255 152   0   0  51 255 255 255 255 255 255  51   0   0 152 255
255 152   0   0  51 255 255 255 255 255 255  51   0   0 152 255
255 152   0   0  51 210 189 189 206 181 209  51   0   0 152 255
255 152   0   0  51 255 252 247 238 204 154  51   0   0 152 255
255 152   0   0  51 255 255 255 255 255 255  51   0   0 152 255
255 152   0   0  51 255 255 255 255 255 255  51   0   0 152 255
255 152   0   0  10  51  51  51  51  51  51  10   0   0 152 255
255 152   0   0   0   0   0   0   0   0   0   0   0   0 152 255
255 152   0   0   0   0   0   0   0   0   0   0   0   0 152 255
255 214 152 152 152 152 152 152 152 152 152 152 152 152 214 255
255 255 255 255 255 255 255 255 255 255 255 255 255 255 255 255

255 255 255 255 255 255 255 255 255 255 255 255 255 255 255 255
255 214 152 152 152 152 152 152 152 152 152 152 152 152 214 255
255 152   0   0   0   0   0   0   0   0   0   0   0   0 152 255
255 152   0   0   0   0   0   0   0   0   0   0   0   0 152 255
255 152   0   0  10  51  51  51  51  51  51  10   0   0 152 255
255 152   0   0  51 255 255 209 154 255 255  51   0   0 152 255
255 152   0   0  51 255 255 181 204 255 255  51   0   0 152 255
255 152   0   0  51 255 255 206 238 255 255  51   0   0 152 255
255 152   0   0  51 255 255 189 247 255 255  51   0   0 152 255
255 152   0   0  51 255 255 189 252 255 255  51   0   0 152 255
255 152   0   0  51 255 255 210 255 255 255  51   0   0 152 255
255 152   0   0  10  51  51  51  51  51  51  10   0   0 152 255
255 152   0   0   0   0   0   0   0   0   0   0   0   0 152 255
255 152   0   0   0   0   0   0   0   0   0   0   0   0 152 255
255 214 152 152 152 152 152 152 152 152 152 152 152 152 214 255
255 255 255 255 255 255 255 255 255 255 255 255 255 255 255 255
255 255 255 255 255 255 255 255 255 255 255 255 255 255 255 255
255 214 152 152 152 152 152 152 152 152 152 152 152 152 214 255
255 152   0   0   0   0   0   0   0   0   0   0   0   0 152 255
255 152   0   0   0   0   0   0   0   0   0   0   0   0 152 255
255 152   0   0  10  51  51  51  51  51  51  10   0   0 152 255
255 152   0   0  51 255 255 209 154 255 255  51   0   0 152 255
255 152   0   0  51 255 255 181 204 255 255  51   0   0 152 255
255 152   0   0  51 255 255 206 238 255 255  51   0   0 152 255
255 152   0   0  51 255 255 189 247 255 255  51   0   0 152 255
255 152   0   0  51 255 255 189 252 255 255  51   0   0 152 255
255 152   0   0  51 255 255 210 255 255 255  51   0   0 152 255
255 152   0   0  10  51  51  51  51  51  51  10   0   0 152 255
255 152   0   0   0   0   0   0   0   0   0   0   0   0 152 255
255 152   0   0   0   0   0   0   0   0   0   0   0   0 152 255
255 214 152 152 152 152 152 152 152 152 152 152 152 152 214 255
255 255 255 255 255 255 255 255 255 255 255 255 255 255 255 255
255 255 255 255 255 255 255 255 255 255 255 255 255 255 255 255
255 214 152 152 152 152 152 152 152 152 152 152 152 152 214 255
255 152   0   0   0   0   0   0   0   0   0   0   0   0 152 255
255 152   0   0   0   0   0   0   0   0   0   0   0   0 152 255
255 152   0   0  10  51  51  51  51  51  51  10   0   0 152 255
255 152   0   0  51 255 255 209 154 255 255  51   0   0 152 255
255 152   0   0  51 255 255 181 204 255 255  51   0   0 152 255
255 152   0   0  51 255 255 206 238 255 255  51   0   0 152 255
255 152   0   0  51 255 255 189 247 255 255  51   0   0 152 255
255 152   0   0  51 255 255 189 252 255 255  51   0   0 152 255
255 152   0   0  51 255 255 210 255 255 255  51   0   0 152 255
255 152   0   0  10  51  51  51  51  51  51  10   0   0 152 255
255 152   0   0   0   0   0   0   0   0   0   0   0   0 152 255
255 152   0   0   0   0   0   0   0   0   0   0   0   0 152 255
255 214 152 152 152 152 152 152 152 152 152 152 152 152 214 255
255 255 255 255 255 255 255 255 255 255 255 255 255 255 255 255
